v -0.44264133176664394 -0.7651886217928746 0.06405355051874816
v 0.23030332579789808 -0.7651984341472248 0.06375680851961017
v 0.2311159637211072 -0.764536752317356 0.68589311693345
v 0.028935473118325318 -0.7641044143478702 0.7479675505741774
v -0.08998465129038706 -0.7639014028812405 0.7383297270549198
v -0.3765799126306561 -0.7628550209667209 0.5684253146457283
v -0.6164597381847762 -0.47380469181191304 -0.08952448853344565
v 0.4289899970893249 -0.47416413326966034 -0.04914178946534875
v 0.4738138623318678 -0.47461487970913946 0.8150180716694674
v 0.36722932135239755 -0.474568046903562 0.8949856499121368
v -0.35784592503394125 -0.4752881331674781 0.8953881446996362
v -0.616252226759814 -0.47480004425215583 0.6564215399911922
v -0.06980852217505941 -0.764297441075548 0.4780710113744391
v -0.0534207848674902 -0.4745399881856514 0.5205245213789397
v -0.09995193676604928 -0.6195889702554181 -0.0027139797401090175
v 0.3410557872350495 -0.6196285498608451 0.37888155191429473
v 0.27527365513092444 -0.619456023319482 0.7859660972723079
v -0.012916445463401358 -0.6194654993250378 0.8191677680602175
v -0.36016567892869955 -0.6192111503168989 0.7146411815978692
v -0.5129833023354725 -0.6191620947059161 0.2998439791555558

f 1 2 13
f 2 3 13
f 3 4 13
f 4 5 13
f 5 6 13
f 6 1 13
f 7 8 14
f 8 9 14
f 9 10 14
f 10 11 14
f 11 12 14
f 12 7 14
f 1 2 15
f 2 8 15
f 8 7 15
f 7 1 15
f 2 3 16
f 3 9 16
f 9 8 16
f 8 2 16
f 3 4 17
f 4 10 17
f 10 9 17
f 9 3 17
f 4 5 18
f 5 11 18
f 11 10 18
f 10 4 18
f 5 6 19
f 6 12 19
f 12 11 19
f 11 5 19
f 6 1 20
f 1 7 20
f 7 12 20
f 12 6 20
