v -0.44258334513482683 -0.765204248125307 0.06400544450994632
v 0.43053148935014207 -0.765659483155449 0.06338141156724693
v 0.43103000640413636 -0.7652723994815034 0.48315608644642605
v 0.028910073121968433 -0.7640958201339139 0.7479742615836397
v 0.028910073121968433 -0.7640958201339139 0.7479742615836397
v -0.08996781394923478 -0.7630726033950348 0.7438045994518467
v -0.37657607851192715 -0.7628677583533651 0.5684029152852487
v -0.616475111325514 -0.47380672641292754 -0.08951292953667718
v 0.6394377446322527 -0.47471281852633446 -0.04987922997731003
v 0.6397552573526346 -0.4741752726697832 0.6101018796454287
v 0.5568020802200441 -0.47411563648534816 0.7274447217727937
v 0.367244371663784 -0.4746311242528456 0.8949404671052783
v -0.35788184304607956 -0.47528117063462133 0.8953768792609162
v -0.6162497163744345 -0.47477210013424154 0.6564437645741756
v 0.0014649149146037893 -0.7643240189683552 0.4883855686325706
v 0.08751896901752677 -0.47449926415944316 0.5207022218349436
v 0.002727694380513457 -0.6198458190550045 -0.0030013258591984927
v 0.5351886244347914 -0.6199549934582674 0.2766900369204479
v 0.41412435427469585 -0.6194147821926372 0.642169237362072
v 0.24546664953194125 -0.6192346002515055 0.7795834280113378
v -0.012923803052390478 -0.6192701796041038 0.8205240518504202
v -0.36016886297041895 -0.6189984081293157 0.7160070396430469

f 1 2 15
f 2 3 15
f 3 4 15
f 4 5 15
f 5 6 15
f 6 7 15
f 7 1 15
f 8 9 16
f 9 10 16
f 10 11 16
f 11 12 16
f 12 13 16
f 13 14 16
f 14 8 16
f 1 2 17
f 2 9 17
f 9 8 17
f 8 1 17
f 2 3 18
f 3 10 18
f 10 9 18
f 9 2 18
f 3 4 19
f 4 11 19
f 11 10 19
f 10 3 19
f 4 5 20
f 5 12 20
f 12 11 20
f 11 4 20
f 5 6 21
f 6 13 21
f 13 12 21
f 12 5 21
f 6 7 22
f 7 14 22
f 14 13 22
f 13 6 22
