-0.442641331766644 -0.765188621792875 0.064053550518748
0.230303325797898 -0.765198434147225 0.063756808519610
0.231115963721107 -0.764536752317356 0.685893116933450
0.028935473118325 -0.764104414347870 0.747967550574177
-0.089984651290387 -0.763901402881241 0.738329727054920
-0.376579912630656 -0.762855020966721 0.568425314645728
-0.616459738184776 -0.473804691811913 -0.089524488533446
0.428989997089325 -0.474164133269660 -0.049141789465349
0.473813862331868 -0.474614879709139 0.815018071669467
0.367229321352398 -0.474568046903562 0.894985649912137
-0.357845925033941 -0.475288133167478 0.895388144699636
-0.616252226759814 -0.474800044252156 0.656421539991192
-0.099951936766049 -0.619588970255418 -0.002713979740109
0.341055787235049 -0.619628549860845 0.378881551914295
0.275273655130924 -0.619456023319482 0.785966097272308
-0.012916445463401 -0.619465499325038 0.819167768060218
-0.360165678928700 -0.619211150316899 0.714641181597869
-0.512983302335473 -0.619162094705916 0.299843979155556
-0.093734870547726 -0.473984412540787 -0.069333138999397
0.451401929710596 -0.474389506489400 0.382938141102059
-0.616355982472295 -0.474302368032034 0.283448525728873
0.004691698159228 -0.474928090035520 0.895186897305887
-0.106169002984373 -0.765193527970050 0.063905179519179
0.230709644759503 -0.764867593232290 0.374824962726530
0.164519030161638 -0.546876551762539 -0.025927884602729
-0.358205837475413 -0.546696831033666 -0.046119234136777
-0.355097304366251 -0.473894552176350 -0.079428813766421
0.167627563270800 -0.474074272905224 -0.059237464232373
-0.409610622198650 -0.764021821379798 0.316239432582238
0.407434824783459 -0.547121714784992 0.596949811791881
0.198082397235361 -0.619336230625716 0.821476600243157
0.385022892162187 -0.546896341565253 0.164869881224473
0.440195963399961 -0.474276819879530 0.166898175818355
0.462607896021232 -0.474502193099270 0.598978106385763
-0.564721520260124 -0.546483393258915 0.105159745311055
-0.223915288162164 -0.619594768024359 0.816858935877278
0.177156437944498 -0.547016773114300 0.857076708986177
0.352464913026488 -0.619575816013248 0.750455594301459
-0.564617764547643 -0.546981069479036 0.478132759573374
-0.496416069695235 -0.618827532609438 0.612423427318460
-0.185381185248671 -0.547376816246258 0.857277956379927
-0.271296634266347 -0.692388796024146 0.030669785389320
-0.616407860328536 -0.474053529921974 0.096962018597714
-0.616304104616054 -0.474551206142095 0.469935032860033
-0.529550534975710 -0.619496656802394 -0.012735469007349
0.329646661443611 -0.619681283708443 0.007307509527131
0.065175694515924 -0.692393702201321 0.030521414389751
0.285679556516474 -0.692413492004035 0.221319180216952
0.185960509755813 -0.474748068469541 0.895086273609012
-0.176577113437357 -0.475108111601499 0.895287521002761
0.286085875478078 -0.692082651089100 0.532387334423872
-0.487049075896878 -0.475044088709817 0.775904842345414
-0.274405167375508 -0.765191074881462 0.063979365018964
0.062067161406763 -0.765195981058637 0.063830994019395
-0.444781607483064 -0.691008557836319 0.434134646900642
-0.233282281960522 -0.763378211923981 0.653377520850324
0.230506485278700 -0.765033013689758 0.219290885623070
0.230912804240305 -0.764702172774823 0.530359039829990
-0.225075165109543 -0.691556276599070 0.726485454326395
-0.470598838589150 -0.654918045222878 0.523279037109551
-0.488208952844257 -0.547005597284527 0.685531360794531
0.319275394252283 -0.655829233551174 0.641421464362665
0.152104564124625 -0.691780218833676 0.766966823923243
-0.477812317051058 -0.692175358249395 0.181948764837152
0.307663108980043 -0.656047387856239 0.114313344872042
-0.225970354011569 -0.510340621787226 -0.057726186568087
0.296754513625481 -0.510520342516100 -0.037534837034039
0.032283546697794 -0.583232761008979 -0.014320932171419
-0.487332787830094 -0.510250761422789 -0.067821861335111
0.035392079806956 -0.510430482151663 -0.047630511801063
-0.229078887120731 -0.583142900644542 -0.024416606938443
-0.224416087456988 -0.473939482358568 -0.074380976382909
0.036946346361537 -0.474029342723005 -0.064285301615885
-0.485778521275514 -0.473849621994131 -0.084476651149934
0.298308780180062 -0.474119203087442 -0.054189626848861
-0.400423584621028 -0.655942726413270 0.008967158190985
-0.426125976982647 -0.764605221586336 0.190146491550493
-0.393095267414653 -0.763438421173259 0.442332373613983
-0.503681426013384 -0.655836007525895 0.084606647914902
0.374543758731396 -0.547035451514311 0.800492084470888
0.197411177979768 -0.656037492954882 0.018914461958441
0.440624343557663 -0.510868297247066 0.705983941730674
0.418212410936392 -0.510642924027326 0.273904011163266
0.374245306009254 -0.583375132322919 0.487915681853088
0.282655859293879 -0.546952138764639 0.858231125077647
0.113508935176843 -0.691720322486793 0.784722075408667
-0.359005801981320 -0.547249641742188 0.805014663148753
0.407006444625756 -0.510530237417457 0.057864045879562
0.363039339698618 -0.583262445713049 0.271875716569384
0.429418377247027 -0.510755610637196 0.489943976446970
0.468210879176550 -0.474558536404205 0.706998089027615
0.445798946555278 -0.474333163184465 0.274918158460207
0.434592980244643 -0.474220476574595 0.058878193176503
0.457004912865914 -0.474445849794335 0.490958123743911
-0.590590629222450 -0.510144042535414 0.007817628388805
-0.590486873509969 -0.510641718755535 0.380790642651124
-0.538852411297798 -0.582822743982415 0.202501862233305
-0.290880606598053 -0.547441450595919 0.856123540288457
-0.156949969726276 -0.691748085452800 0.777594331466099
0.130025718419716 -0.764320583332613 0.716930333753814
0.092582975885980 -0.619400864975377 0.820322184151687
-0.118415866812783 -0.619530133674699 0.818013351968748
-0.090344743544722 -0.511152453140889 0.876232426842907
0.082119996240548 -0.583241136219669 0.838122238523197
0.272192879648448 -0.510792410008931 0.876031179449157
-0.368372795779678 -0.691033085641810 0.641533248121799
0.321251488241661 -0.547012035111522 0.840475873592222
-0.423607377412789 -0.547127619513358 0.745273011971642
-0.296723980444611 -0.691294681120440 0.684009351224097