-0.442583352327347 -0.765204250812531 0.064005441963673
0.430531501770020 -0.765659511089325 0.063381411135197
0.431030005216599 -0.765272378921509 0.483156085014343
0.028910072520375 -0.764095842838287 0.747974276542664
-0.089967817068100 -0.763072609901428 0.743804574012756
-0.376576066017151 -0.762867748737335 0.568402886390686
-0.616475105285645 -0.473806738853455 -0.089512929320335
0.639437735080719 -0.474712818861008 -0.049879230558872
0.639755249023438 -0.474175274372101 0.610101878643036
0.556802093982697 -0.474115639925003 0.727444708347321
0.367244362831116 -0.474631130695343 0.894940495491028
-0.357881844043732 -0.475281178951263 0.895376861095428
-0.616249740123749 -0.474772095680237 0.656443774700165
0.002727694343776 -0.619845807552338 -0.003001325763762
0.535188615322113 -0.619955003261566 0.276690036058426
0.414124339818954 -0.619414806365967 0.642169237136841
0.245466649532318 -0.619234621524811 0.779583454132080
-0.012923803180456 -0.619270205497742 0.820524036884308
-0.360168874263763 -0.618998408317566 0.716007053852081
0.011481314897537 -0.474259778857231 -0.069696079939604
-0.006025925278664 -0.765431880950928 0.063693426549435
-0.616362422704697 -0.474289417266846 0.283465422689915
0.004681259393692 -0.474956154823303 0.895158678293228
-0.529416546225548 -0.619988173246384 0.360224608331919
0.639596492052078 -0.474444046616554 0.280111324042082
0.321082714712247 -0.547279313206673 -0.026440278161317
-0.306873705470935 -0.546826273202896 -0.046257127542048
-0.302496895194054 -0.474033258855343 -0.079604504629969
0.325459524989128 -0.474486298859120 -0.059787655249238
0.292856083251536 -0.619105741381645 0.737709492444993
-0.409579709172249 -0.764035999774933 0.316204164177180
0.229970038868487 -0.764684110879898 0.615565180778504
-0.219927828991786 -0.692525029182435 0.030502058099956
0.198077217675745 -0.619363486766815 0.821457386016846
0.216629598056898 -0.692752659320832 0.030190042685718
-0.224304638803005 -0.765318065881729 0.063849434256554
0.212252788245678 -0.765545696020126 0.063537418842316
0.221517206169664 -0.691755324602127 0.695071756839753
-0.223924830555916 -0.619176894426345 0.819590717554092
0.430780753493309 -0.765465945005417 0.273268748074770
0.177160279825330 -0.546950668096543 0.857732266187668
-0.529472887516022 -0.619746834039688 0.173735432326794
-0.496412903070450 -0.618819922208786 0.612423330545426
-0.185402823612094 -0.547275692224503 0.857950448989868
0.535392627120019 -0.619723826646805 0.546628981828689
0.587471932172775 -0.547065138816833 0.443395957350731
0.534984618425369 -0.620186164975167 0.006751090288163
-0.616418763995171 -0.474048078060150 0.096976246684790
-0.616306081414223 -0.474530756473541 0.469954598695040
-0.529529228806496 -0.619505494832993 -0.012753743678331
0.587313175201416 -0.547333911061287 0.113405402749777
0.185962811112404 -0.474793642759323 0.895049586892128
-0.176600292325020 -0.475118666887283 0.895267769694328
-0.487065792083741 -0.475026637315750 0.775910317897797
0.401134371757507 -0.546675130724907 0.753514081239701
-0.572833143174649 -0.547380134463310 0.508334191516042
-0.485999949276448 -0.692596212029458 0.212115025147796
-0.233271941542625 -0.762970179319381 0.656103730201721
0.639517113566399 -0.474578432738781 0.115116046741605
0.639675870537758 -0.474309660494328 0.445106601342559
-0.147696195286699 -0.510543026030064 -0.057976603740826
0.480260224896483 -0.510996066033841 -0.038159754360094
0.161905204528012 -0.583562560379505 -0.014720801962539
-0.152073005563579 -0.583336040377617 -0.024629226652905
0.166282014804892 -0.510769546031952 -0.048068179050460
-0.461674405378290 -0.510316506028176 -0.067885028431192
-0.145507790148258 -0.474146518856287 -0.074650292284786
0.168470419943333 -0.474373038858176 -0.064741867594421
-0.459486000239849 -0.473919998854399 -0.084558716975152
0.482448630034923 -0.474599558860064 -0.054833442904055
-0.572973996400833 -0.546776786446572 0.042111251503230
-0.225068345665931 -0.691035509109497 0.729905813932418
0.160883077885955 -0.691600792109966 0.742841884493828
0.424829088617116 -0.546610690653324 0.732577100396157
-0.488209307193756 -0.546885251998901 0.686225414276123
-0.452996306121350 -0.691427960991859 0.464313747361302
-0.374728528899141 -0.656015262007714 0.008874157210812
0.482860058546067 -0.692807257175446 0.170035723596812
0.483109310269356 -0.692613691091537 0.379923060536384
0.526939794421196 -0.546795040369034 0.626135557889939
0.535290621221066 -0.619839414954185 0.411659508943558
0.535086616873741 -0.620070584118366 0.141720563173294
0.137188361026346 -0.691665232181549 0.763778865337372
0.375807108241134 -0.656469412147999 0.018470566486940
-0.512914724647999 -0.619404047727585 0.486323969438672
-0.393077887594700 -0.763451874256134 0.442303525283933
-0.426081530749798 -0.764620125293732 0.190104803070426
0.462023228406906 -0.474373385310173 0.81119260191917
